     0/299     5.87G      3.58      6.74       4.5      14.8       215       416    0.0845    0.0238    0.0183    0.0256      3.29      4.62      3.26
     1/299     6.49G      3.12      5.41      3.06      11.6       139       416     0.178    0.0685    0.0564    0.0757      2.95         4      2.66
     2/299     6.49G      2.93      4.89      2.66      10.5       242       416     0.235     0.111    0.0947      0.12      2.76       3.6      2.28
     3/299     6.49G       2.8      4.48      2.41      9.69       181       416     0.263     0.152     0.132      0.17      2.63      3.28      2.03
     4/299     6.49G      2.71      4.15      2.24      9.09       258       416     0.293     0.188     0.161     0.208      2.55      3.02      1.87
     5/299     6.49G      2.66      3.84      2.13      8.63       180       416     0.318     0.202     0.181     0.226       2.5      2.79      1.77
     6/299     6.49G      2.62      3.67      2.06      8.35       126       416     0.325     0.221     0.196     0.243      2.46      2.77      1.71
     7/299     6.49G       2.6      3.66      2.01      8.26       176       416     0.326     0.235     0.206     0.254      2.43      2.76      1.66
     8/299     6.49G      2.57      3.64      1.97      8.18       185       416     0.326     0.244     0.213     0.261      2.41      2.75      1.63
     9/299     6.49G      2.56      3.64      1.93      8.13       212       416     0.331     0.251     0.219     0.266       2.4      2.74      1.61
    10/299     6.49G      2.55      3.62       1.9      8.07       164       416     0.333     0.255     0.223      0.27      2.39      2.73      1.59
    11/299     6.49G      2.54      3.62      1.88      8.04       132       416     0.336     0.259     0.226     0.274      2.38      2.73      1.58
    12/299     6.49G      2.52      3.61      1.86      7.99       168       416     0.339     0.263      0.23     0.277      2.37      2.72      1.56
    13/299     6.49G      2.52      3.61      1.84      7.97       159       416     0.344     0.266     0.233     0.281      2.37      2.72      1.55
    14/299     6.49G      2.51       3.6      1.82      7.93       173       416     0.346     0.267     0.236     0.283      2.36      2.71      1.54
    15/299     6.49G      2.51      3.59      1.81       7.9       139       416     0.348      0.27     0.239     0.286      2.35      2.71      1.53
    16/299     6.49G       2.5      3.59       1.8      7.89       191       416     0.356     0.272     0.242      0.29      2.35       2.7      1.52
    17/299     6.49G      2.49      3.59      1.78      7.86       216       416     0.363     0.275     0.246     0.294      2.34       2.7       1.5
    18/299     6.49G      2.49      3.58      1.78      7.85       155       416     0.364     0.275     0.249     0.295      2.34      2.69      1.49
    19/299     6.49G      2.48      3.57      1.76      7.81       163       416     0.365     0.277     0.252     0.297      2.33      2.69      1.48
    20/299     6.49G      2.48      3.57      1.76      7.81       167       416     0.366     0.279     0.255     0.299      2.33      2.68      1.47
    21/299     6.49G      2.48      3.57      1.75       7.8       129       416     0.368     0.281     0.258     0.302      2.32      2.68      1.46
    22/299     6.49G      2.47      3.56      1.74      7.78       119       416     0.388     0.285      0.26     0.306      2.31      2.67      1.45
    23/299     6.49G      2.47      3.56      1.73      7.76       162       416     0.388     0.287     0.262     0.308      2.31      2.67      1.44
    24/299     6.49G      2.47      3.56      1.73      7.76       123       416      0.39     0.289     0.265      0.31       2.3      2.66      1.43
    25/299     6.49G      2.46      3.55      1.72      7.73       185       416     0.394     0.292     0.267     0.313       2.3      2.66      1.42
    26/299     6.49G      2.46      3.55      1.72      7.74       164       416     0.396     0.294      0.27     0.315      2.29      2.66      1.41
    27/299     6.49G      2.46      3.55      1.72      7.72       258       416     0.395     0.296     0.272     0.317      2.29      2.65      1.41
    28/299     6.49G      2.45      3.54      1.71      7.71       189       416     0.396     0.299     0.274      0.32      2.29      2.65       1.4
    29/299     6.49G      2.45      3.56      1.71      7.72       195       416     0.395     0.301     0.276     0.323      2.28      2.65      1.39
    30/299     6.49G      2.45      3.54       1.7       7.7       116       416     0.393     0.304     0.278     0.325      2.28      2.64      1.39
    31/299     6.49G      2.45      3.53       1.7      7.67       167       416     0.392     0.305      0.28     0.326      2.27      2.64      1.38
    32/299     6.49G      2.44      3.54      1.69      7.68       135       416     0.392     0.308     0.281     0.328      2.27      2.64      1.37
    33/299     6.49G      2.45      3.54      1.69      7.68       210       416     0.392      0.31     0.283      0.33      2.27      2.64      1.36
    34/299     6.49G      2.44      3.54      1.68      7.67       204       416     0.389     0.313     0.284     0.331      2.27      2.64      1.36
    35/299     6.49G      2.44      3.54      1.68      7.67       167       416     0.388     0.314     0.286     0.332      2.26      2.63      1.35
    36/299     6.49G      2.44      3.54      1.68      7.65       184       416     0.389     0.317     0.287     0.333      2.26      2.63      1.35
    37/299     6.49G      2.43      3.52      1.68      7.64       161       416     0.387     0.318     0.288     0.334      2.26      2.63      1.34
    38/299     6.49G      2.43      3.53      1.68      7.64       202       416     0.387      0.32     0.289     0.335      2.25      2.63      1.34
    39/299     6.49G      2.43      3.53      1.67      7.63       207       416     0.388     0.322      0.29     0.337      2.25      2.63      1.34
    40/299     6.49G      2.43      3.53      1.67      7.62       172       416     0.389     0.323     0.291     0.337      2.25      2.62      1.33
    41/299     6.49G      2.43      3.52      1.66      7.61       179       416     0.389     0.324     0.292     0.338      2.25      2.62      1.33
    42/299     6.49G      2.43      3.52      1.67      7.61       116       416      0.39     0.324     0.293     0.338      2.25      2.62      1.32
    43/299     6.49G      2.42      3.52      1.66      7.61       188       416     0.391     0.325     0.294      0.34      2.24      2.62      1.32
    44/299     6.49G      2.42      3.53      1.66      7.61       198       416      0.39     0.326     0.295     0.341      2.24      2.62      1.31
    45/299     6.49G      2.42      3.52      1.66       7.6       164       416      0.39     0.329     0.296     0.343      2.24      2.62      1.31
    46/299     6.49G      2.42      3.53      1.65       7.6       206       416      0.39      0.33     0.297     0.344      2.24      2.61      1.31
    47/299     6.49G      2.42      3.52      1.65      7.59        80       416      0.39     0.331     0.297     0.344      2.24      2.61      1.31
    48/299     6.49G      2.42      3.52      1.65      7.59       183       416      0.39     0.333     0.299     0.345      2.24      2.61       1.3
    49/299     6.49G      2.42      3.52      1.65      7.58       215       416     0.391     0.333       0.3     0.346      2.24      2.61       1.3
    50/299     6.49G      2.41      3.52      1.65      7.57       180       416     0.393     0.335       0.3     0.348      2.23      2.61       1.3
    51/299     6.49G      2.41      3.52      1.64      7.58       173       416     0.392     0.335     0.301     0.347      2.23      2.61      1.29
    52/299     6.49G      2.41      3.51      1.64      7.56       185       416     0.391     0.335     0.302     0.348      2.23      2.61      1.29
    53/299     6.49G      2.41      3.52      1.64      7.57       203       416     0.391     0.335     0.302     0.347      2.23      2.61      1.29
    54/299     6.49G      2.41      3.52      1.63      7.56       222       416      0.39     0.337     0.303     0.348      2.23       2.6      1.29
    55/299     6.49G      2.41      3.51      1.63      7.55       222       416      0.39     0.337     0.303     0.349      2.23       2.6      1.28
    56/299     6.49G       2.4      3.51      1.63      7.54       177       416     0.389     0.338     0.303     0.349      2.23       2.6      1.28
    57/299     6.49G       2.4      3.51      1.63      7.54       180       416      0.39     0.339     0.304      0.35      2.23       2.6      1.28
    58/299     6.49G       2.4      3.51      1.63      7.54       173       416     0.389     0.339     0.305      0.35      2.22       2.6      1.28
    59/299     6.49G       2.4      3.51      1.63      7.54       148       416      0.39     0.341     0.306     0.351      2.22       2.6      1.28
    60/299     6.49G       2.4      3.51      1.62      7.54       179       416     0.391     0.342     0.306     0.351      2.22       2.6      1.27
    61/299     6.49G       2.4       3.5      1.62      7.52       206       416     0.391     0.342     0.307     0.351      2.22       2.6      1.27
    62/299     6.49G       2.4      3.51      1.62      7.53       183       416     0.393     0.343     0.307     0.353      2.22       2.6      1.27
    63/299     6.49G       2.4      3.51      1.62      7.52       146       416     0.392     0.342     0.308     0.353      2.22       2.6      1.27
    64/299     6.49G      2.39       3.5      1.61      7.51       153       416     0.392     0.342     0.308     0.352      2.22       2.6      1.27
    65/299     6.49G      2.39       3.5      1.61       7.5       222       416     0.391     0.342     0.309     0.352      2.22       2.6      1.26
    66/299     6.49G      2.39      3.51      1.61      7.51       178       416      0.39     0.342     0.309     0.352      2.22       2.6      1.26
    67/299     6.49G      2.39       3.5      1.61       7.5       192       416      0.39     0.343      0.31     0.352      2.22       2.6      1.26
    68/299     6.49G      2.39      3.51      1.61      7.51       184       416     0.389     0.344      0.31     0.352      2.21       2.6      1.26
    69/299     6.49G      2.38      3.51       1.6      7.49       150       416     0.388     0.344     0.311     0.352      2.21      2.59      1.26
    70/299     6.49G      2.39       3.5      1.61       7.5       117       416      0.39     0.346     0.312     0.354      2.21      2.59      1.25
    71/299     6.49G      2.39       3.5       1.6      7.48       167       416      0.39     0.346     0.312     0.354      2.21      2.59      1.25
    72/299     6.49G      2.38      3.51       1.6      7.49       242       416      0.39     0.347     0.313     0.355      2.21      2.59      1.25
    73/299     6.49G      2.38       3.5       1.6      7.48       133       416     0.392     0.348     0.314     0.356      2.21      2.59      1.25
    74/299     6.49G      2.38       3.5       1.6      7.48       158       416     0.391     0.349     0.314     0.356      2.21      2.59      1.25
    75/299     6.49G      2.38       3.5      1.59      7.47       161       416     0.392     0.349     0.315     0.357      2.21      2.59      1.25
    76/299     6.49G      2.38       3.5      1.59      7.47       197       416     0.391     0.349     0.315     0.357      2.21      2.59      1.25
    77/299     6.49G      2.38       3.5      1.59      7.47       181       416     0.391      0.35     0.315     0.357       2.2      2.59      1.24
    78/299     6.49G      2.37      3.49      1.59      7.45       213       416     0.391     0.348     0.316     0.356       2.2      2.59      1.24
    79/299     6.49G      2.37      3.49      1.59      7.45       240       416      0.39     0.349     0.316     0.356       2.2      2.59      1.24
    80/299     6.49G      2.37      3.49      1.59      7.45       147       416      0.39     0.349     0.316     0.357       2.2      2.59      1.24
    81/299     6.49G      2.37       3.5      1.59      7.46       238       416      0.39      0.35     0.316     0.357       2.2      2.59      1.24
    82/299     6.49G      2.37       3.5      1.59      7.45       199       416     0.393     0.351     0.316     0.358       2.2      2.59      1.24
    83/299     6.49G      2.37      3.49      1.58      7.45       196       416     0.393     0.351     0.317     0.359       2.2      2.59      1.24
    84/299     6.49G      2.37      3.49      1.58      7.44       182       416     0.392     0.352     0.317     0.359       2.2      2.59      1.24
    85/299     6.49G      2.37      3.49      1.58      7.44       158       416     0.392     0.352     0.317     0.359       2.2      2.59      1.24
    86/299     6.49G      2.37      3.49      1.58      7.43       194       416     0.392     0.353     0.318      0.36       2.2      2.59      1.24
    87/299     6.49G      2.36      3.49      1.58      7.43       207       416     0.392     0.354     0.318      0.36       2.2      2.59      1.24
    88/299     6.49G      2.36      3.48      1.57      7.41       124       416     0.391     0.354     0.319      0.36       2.2      2.59      1.23
    89/299     6.49G      2.36      3.49      1.57      7.42       217       416     0.392     0.354     0.319      0.36       2.2      2.59      1.23
    90/299     6.49G      2.36      3.48      1.57      7.41       177       416     0.393     0.356     0.319     0.361       2.2      2.58      1.23
    91/299     6.49G      2.36      3.48      1.57      7.41       182       416     0.392     0.356     0.319     0.361      2.19      2.58      1.23
    92/299     6.49G      2.36      3.48      1.57      7.41       192       416     0.392     0.356      0.32     0.361      2.19      2.58      1.23
    93/299     6.49G      2.36      3.48      1.57      7.41       203       416     0.392     0.356      0.32     0.362      2.19      2.58      1.23
    94/299     6.49G      2.35      3.47      1.56      7.39       257       416     0.391     0.356     0.321     0.361      2.19      2.58      1.23
    95/299     6.49G      2.35      3.48      1.57       7.4       185       416     0.392     0.357     0.321     0.362      2.19      2.58      1.22
    96/299     6.49G      2.35      3.48      1.56       7.4       263       416     0.394     0.358     0.322     0.363      2.19      2.58      1.22
    97/299     6.49G      2.35      3.48      1.56      7.39       170       416     0.393     0.358     0.323     0.363      2.19      2.58      1.22
    98/299     6.49G      2.35      3.48      1.56       7.4       181       416     0.393     0.358     0.323     0.363      2.19      2.58      1.22
    99/299     6.49G      2.35      3.49      1.55      7.39       162       416     0.392     0.358     0.323     0.362      2.19      2.58      1.22
   100/299     6.49G      2.35      3.48      1.56      7.39       203       416     0.393     0.358     0.322     0.363      2.19      2.58      1.22
   101/299     6.49G      2.35      3.49      1.56       7.4       119       416     0.392     0.359     0.322     0.363      2.18      2.58      1.22
   102/299     6.49G      2.35      3.48      1.55      7.38       163       416     0.394     0.361     0.323     0.365      2.18      2.58      1.22
   103/299     6.49G      2.35      3.49      1.55      7.38       200       416     0.392     0.361     0.323     0.364      2.18      2.58      1.22
   104/299     6.49G      2.34      3.48      1.55      7.38       158       416     0.393     0.361     0.323     0.365      2.18      2.58      1.22
   105/299     6.49G      2.34      3.47      1.55      7.36       271       416     0.394     0.362     0.324     0.366      2.18      2.58      1.22
   106/299     6.49G      2.34      3.47      1.54      7.36       215       416     0.394     0.363     0.323     0.366      2.18      2.57      1.21
   107/299     6.49G      2.34      3.48      1.54      7.36       210       416     0.393     0.363     0.324     0.366      2.18      2.57      1.21
   108/299     6.49G      2.34      3.47      1.54      7.35       180       416     0.392     0.362     0.324     0.365      2.18      2.57      1.21
   109/299     6.49G      2.34      3.48      1.54      7.35       167       416     0.394     0.363     0.324     0.366      2.18      2.57      1.21
   110/299     6.49G      2.33      3.47      1.54      7.35       185       416     0.393     0.364     0.324     0.367      2.18      2.57      1.21
   111/299     6.49G      2.34      3.47      1.53      7.34       171       416     0.394     0.364     0.324     0.367      2.18      2.57      1.21
   112/299     6.49G      2.33      3.47      1.54      7.34       196       416     0.392     0.363     0.324     0.366      2.18      2.57      1.21
   113/299     6.49G      2.33      3.47      1.53      7.33       205       416     0.393     0.364     0.324     0.367      2.18      2.57      1.21
   114/299     6.49G      2.33      3.47      1.53      7.33       144       416     0.393     0.364     0.325     0.367      2.18      2.57      1.21
   115/299     6.49G      2.33      3.48      1.53      7.34       246       416     0.393     0.364     0.325     0.367      2.18      2.57       1.2
   116/299     6.49G      2.33      3.46      1.53      7.32       212       416     0.392     0.364     0.326     0.367      2.17      2.57       1.2
   117/299     6.49G      2.33      3.46      1.53      7.32       153       416     0.393     0.365     0.326     0.368      2.17      2.57       1.2
   118/299     6.49G      2.33      3.47      1.53      7.32       144       416     0.392     0.365     0.326     0.367      2.17      2.57       1.2
   119/299     6.49G      2.32      3.46      1.52      7.31       155       416     0.391     0.366     0.326     0.367      2.17      2.57       1.2
   120/299     6.49G      2.32      3.47      1.52      7.31       157       416     0.389     0.365     0.326     0.366      2.17      2.57       1.2
   121/299     6.49G      2.32      3.46      1.52      7.31       153       416     0.388     0.365     0.327     0.366      2.17      2.57       1.2
   122/299     6.49G      2.32      3.46      1.52       7.3       178       416      0.39     0.366     0.328     0.367      2.17      2.57       1.2
   123/299     6.49G      2.32      3.46      1.51      7.29       217       416     0.391     0.366     0.328     0.368      2.17      2.57       1.2
   124/299     6.49G      2.32      3.46      1.52      7.29       160       416     0.391     0.366     0.328     0.368      2.17      2.57      1.19
   125/299     6.49G      2.31      3.47      1.52      7.31       203       416     0.391     0.367     0.329     0.368      2.17      2.56      1.19
   126/299     6.49G      2.32      3.46      1.52       7.3       185       416     0.391     0.367     0.329     0.369      2.17      2.57      1.19
   127/299     6.49G      2.31      3.46      1.51      7.28       142       416     0.392     0.367     0.329     0.369      2.17      2.56      1.19
   128/299     6.49G      2.31      3.47      1.51      7.29       181       416     0.391     0.367      0.33     0.369      2.17      2.56      1.19
   129/299     6.49G      2.31      3.45      1.51      7.27       181       416     0.392     0.368      0.33     0.369      2.17      2.56      1.19
   130/299     6.49G      2.31      3.46      1.51      7.27       124       416     0.392     0.369     0.331      0.37      2.17      2.56      1.19
   131/299     6.49G      2.31      3.46       1.5      7.27       176       416     0.392     0.369     0.331      0.37      2.17      2.56      1.18
   132/299     6.49G      2.31      3.46       1.5      7.27       137       416     0.393      0.37     0.331      0.37      2.17      2.56      1.18
   133/299     6.49G      2.31      3.46       1.5      7.27       180       416     0.392     0.369     0.332     0.369      2.17      2.56      1.18
   134/299     6.49G       2.3      3.45       1.5      7.25        99       416     0.394      0.37     0.332     0.371      2.16      2.56      1.18
   135/299     6.49G       2.3      3.45       1.5      7.25       213       416     0.395     0.371     0.332     0.372      2.16      2.56      1.18
   136/299     6.49G       2.3      3.45      1.49      7.25       124       416     0.393     0.371     0.333     0.372      2.16      2.56      1.18
   137/299     6.49G       2.3      3.44       1.5      7.24       203       416     0.394     0.371     0.333     0.372      2.16      2.56      1.18
   138/299     6.49G       2.3      3.45      1.49      7.24       162       416     0.394     0.372     0.332     0.373      2.16      2.56      1.18
   139/299     6.49G       2.3      3.45      1.49      7.24       154       416     0.394     0.372     0.333     0.373      2.16      2.56      1.18
   140/299     6.49G      2.29      3.45      1.49      7.23       195       416     0.393     0.373     0.333     0.373      2.16      2.56      1.18
   141/299     6.49G       2.3      3.45      1.49      7.23       184       416     0.392     0.372     0.334     0.372      2.16      2.56      1.18
   142/299     6.49G      2.29      3.44      1.49      7.22       166       416     0.393     0.374     0.334     0.373      2.16      2.56      1.18
   143/299     6.49G      2.29      3.44      1.48      7.22       178       416     0.393     0.373     0.335     0.373      2.16      2.56      1.18
   144/299     6.49G      2.29      3.44      1.48      7.21       122       416     0.394     0.374     0.335     0.374      2.16      2.56      1.17
   145/299     6.49G      2.29      3.44      1.48       7.2       140       416     0.394     0.374     0.335     0.373      2.16      2.56      1.17
   146/299     6.49G      2.28      3.44      1.48       7.2       220       416     0.394     0.374     0.336     0.374      2.16      2.56      1.17
   147/299     6.49G      2.29      3.45      1.47      7.21       230       416     0.394     0.375     0.336     0.374      2.16      2.55      1.17
   148/299     6.49G      2.28      3.43      1.47      7.19       179       416     0.396     0.375     0.336     0.375      2.16      2.55      1.17
   149/299     6.49G      2.28      3.44      1.47      7.19       188       416     0.396     0.376     0.337     0.376      2.16      2.55      1.17
   150/299     6.49G      2.28      3.44      1.47      7.19       170       416     0.395     0.376     0.337     0.375      2.15      2.55      1.17
   151/299     6.49G      2.28      3.45      1.47       7.2       156       416     0.396     0.377     0.337     0.376      2.15      2.55      1.17
   152/299     6.49G      2.28      3.44      1.47      7.18       141       416     0.394     0.376     0.337     0.375      2.15      2.55      1.17
   153/299     6.49G      2.28      3.44      1.47      7.19       138       416     0.394     0.377     0.338     0.375      2.15      2.55      1.17
   154/299     6.49G      2.27      3.44      1.46      7.18       156       416     0.394     0.378     0.338     0.376      2.15      2.55      1.16
   155/299     6.49G      2.27      3.44      1.46      7.17       133       416     0.393     0.378     0.338     0.376      2.15      2.55      1.16
   156/299     6.49G      2.27      3.44      1.46      7.17       208       416     0.394     0.378     0.338     0.376      2.15      2.55      1.16
   157/299     6.49G      2.27      3.44      1.46      7.16       170       416     0.393     0.378     0.339     0.375      2.15      2.55      1.16
   158/299     6.49G      2.27      3.44      1.45      7.16       138       416     0.392     0.379     0.339     0.375      2.15      2.55      1.16
   159/299     6.49G      2.27      3.43      1.45      7.15       236       416     0.392     0.379      0.34     0.376      2.15      2.55      1.16
   160/299     6.49G      2.27      3.44      1.45      7.15       190       416     0.394     0.379      0.34     0.377      2.15      2.55      1.16
   161/299     6.49G      2.27      3.43      1.45      7.15       144       416     0.395      0.38     0.341     0.378      2.15      2.55      1.16
   162/299     6.49G      2.26      3.43      1.45      7.15       110       416     0.393     0.381     0.341     0.377      2.15      2.55      1.15
   163/299     6.49G      2.26      3.43      1.44      7.13       210       416     0.393     0.381     0.341     0.378      2.15      2.55      1.15
   164/299     6.49G      2.26      3.43      1.44      7.13       191       416     0.392      0.38     0.341     0.377      2.15      2.55      1.15
   165/299     6.49G      2.26      3.42      1.44      7.11       173       416     0.392     0.381     0.342     0.376      2.15      2.55      1.15
   166/299     6.49G      2.26      3.42      1.44      7.12       107       416     0.392     0.381     0.341     0.377      2.14      2.55      1.15
   167/299     6.49G      2.26      3.43      1.44      7.13       162       416     0.392     0.381     0.342     0.377      2.14      2.55      1.15
   168/299     6.49G      2.26      3.42      1.43      7.11       135       416     0.393     0.381     0.342     0.377      2.14      2.55      1.15
   169/299     6.49G      2.25      3.43      1.44      7.12       189       416     0.393     0.382     0.342     0.378      2.14      2.55      1.15
   170/299     6.49G      2.25      3.42      1.43      7.11       111       416     0.392     0.383     0.343     0.378      2.14      2.55      1.15
   171/299     6.49G      2.25      3.43      1.43       7.1       147       416     0.393     0.383     0.344     0.378      2.14      2.54      1.15
   172/299     6.49G      2.25      3.42      1.43       7.1       218       416     0.393     0.383     0.344     0.378      2.14      2.54      1.14
   173/299     6.49G      2.25      3.41      1.43      7.09       145       416     0.393     0.383     0.345     0.379      2.14      2.54      1.14
   174/299     6.49G      2.25      3.42      1.42      7.09       150       416     0.392     0.384     0.344     0.379      2.14      2.54      1.14
   175/299     6.49G      2.24      3.41      1.42      7.07       155       416     0.391     0.383     0.344     0.378      2.14      2.54      1.14
   176/299     6.49G      2.24      3.41      1.41      7.07       218       416     0.391     0.383     0.344     0.378      2.14      2.54      1.14
   177/299     6.49G      2.24      3.42      1.42      7.07       187       416     0.394     0.385     0.344      0.38      2.14      2.54      1.14
   178/299     6.49G      2.24      3.42      1.41      7.07       152       416     0.395     0.385     0.344     0.381      2.14      2.54      1.14
   179/299     6.49G      2.24      3.41      1.41      7.06       153       416     0.394     0.385     0.345      0.38      2.14      2.54      1.14
   180/299     6.49G      2.24      3.41      1.41      7.05       196       416     0.394     0.385     0.345     0.381      2.13      2.54      1.14
   181/299     6.49G      2.23      3.42      1.41      7.06       197       416     0.393     0.385     0.345      0.38      2.13      2.54      1.13
   182/299     6.49G      2.23       3.4       1.4      7.04       162       416     0.393     0.384     0.346      0.38      2.13      2.54      1.13
   183/299     6.49G      2.23      3.41       1.4      7.04       151       416     0.393     0.386     0.346      0.38      2.13      2.54      1.13
   184/299     6.49G      2.23       3.4      1.41      7.04       151       416     0.392     0.386     0.346      0.38      2.13      2.54      1.13
   185/299     6.49G      2.23      3.41       1.4      7.04       157       416     0.393     0.386     0.346     0.381      2.13      2.54      1.13
   186/299     6.49G      2.22      3.41       1.4      7.03       183       416     0.392     0.386     0.346      0.38      2.13      2.54      1.13
   187/299     6.49G      2.22      3.41      1.39      7.02       138       416     0.392     0.386     0.347      0.38      2.13      2.54      1.13
   188/299     6.49G      2.22      3.41      1.39      7.02       163       416     0.391     0.388     0.347     0.381      2.13      2.54      1.13
   189/299     6.49G      2.22       3.4      1.39      7.01       212       416     0.391     0.386     0.347      0.38      2.13      2.53      1.13
   190/299     6.49G      2.22       3.4      1.39      7.01       191       416      0.39     0.387     0.347      0.38      2.13      2.53      1.13
   191/299     6.49G      2.21      3.41      1.39         7       102       416     0.391     0.387     0.347      0.38      2.13      2.53      1.12
   192/299     6.49G      2.21      3.39      1.38      6.99       138       416      0.39     0.388     0.348      0.38      2.13      2.53      1.12
   193/299     6.49G      2.22       3.4      1.38         7       184       416      0.39     0.389     0.348     0.381      2.13      2.53      1.12
   194/299     6.49G      2.21       3.4      1.38      6.99       144       416     0.391     0.389     0.349     0.381      2.12      2.53      1.12
   195/299     6.49G      2.21      3.39      1.38      6.98       169       416     0.391     0.389     0.348     0.381      2.12      2.53      1.12
   196/299     6.49G      2.21      3.39      1.37      6.97       143       416     0.393     0.389     0.348     0.382      2.12      2.53      1.12
   197/299     6.49G       2.2      3.39      1.37      6.97       254       416     0.392     0.389     0.349     0.382      2.12      2.53      1.12
   198/299     6.49G       2.2      3.38      1.38      6.96       219       416     0.393      0.39     0.349     0.383      2.12      2.53      1.12
   199/299     6.49G       2.2       3.4      1.37      6.97       221       416     0.394     0.391      0.35     0.384      2.12      2.53      1.11
   200/299     6.49G       2.2      3.39      1.36      6.95       149       416     0.394     0.391      0.35     0.384      2.12      2.53      1.11
   201/299     6.49G       2.2       3.4      1.36      6.96       118       416     0.394     0.392      0.35     0.385      2.12      2.53      1.11
   202/299     6.49G       2.2      3.39      1.36      6.95       245       416     0.393     0.392      0.35     0.384      2.12      2.53      1.11
   203/299     6.49G       2.2      3.39      1.36      6.94       120       416     0.393      0.39     0.351     0.383      2.12      2.53      1.11
   204/299     6.49G      2.19      3.38      1.36      6.92       198       416     0.393     0.392     0.351     0.384      2.12      2.53      1.11
   205/299     6.49G      2.19      3.39      1.35      6.93       173       416     0.393     0.392     0.351     0.384      2.12      2.53      1.11
   206/299     6.49G      2.19      3.38      1.35      6.92       129       416     0.394     0.393     0.352     0.385      2.12      2.53      1.11
   207/299     6.49G      2.19      3.39      1.35      6.93       159       416     0.393     0.394     0.352     0.385      2.12      2.53      1.11
   208/299     6.49G      2.19      3.37      1.35      6.91       165       416     0.394     0.394     0.352     0.385      2.12      2.52      1.11
   209/299     6.49G      2.18      3.37      1.34      6.89       253       416     0.393     0.396     0.353     0.386      2.12      2.52       1.1
   210/299     6.49G      2.18      3.37      1.34       6.9       200       416     0.393     0.396     0.354     0.386      2.11      2.52       1.1
   211/299     6.49G      2.18      3.38      1.35       6.9       161       416     0.393     0.396     0.354     0.386      2.11      2.52       1.1
   212/299     6.49G      2.18      3.38      1.34      6.89       165       416     0.394     0.396     0.354     0.387      2.11      2.52       1.1
   213/299     6.49G      2.17      3.37      1.33      6.88       153       416     0.393     0.396     0.354     0.386      2.11      2.52       1.1
   214/299     6.49G      2.17      3.38      1.33      6.88       187       416     0.394     0.397     0.355     0.387      2.11      2.52       1.1
   215/299     6.49G      2.17      3.37      1.33      6.87       115       416     0.393     0.396     0.355     0.387      2.11      2.52       1.1
   216/299     6.49G      2.17      3.36      1.33      6.86       165       416     0.393     0.397     0.356     0.387      2.11      2.52       1.1
   217/299     6.49G      2.17      3.37      1.33      6.86       142       416     0.393     0.398     0.356     0.388      2.11      2.52       1.1
   218/299     6.49G      2.17      3.36      1.33      6.85       152       416     0.393     0.398     0.356     0.388      2.11      2.52       1.1
   219/299     6.49G      2.16      3.36      1.32      6.85       242       416     0.393     0.398     0.356     0.388      2.11      2.52       1.1
   220/299     6.49G      2.16      3.36      1.32      6.84       180       416     0.394     0.399     0.356     0.388      2.11      2.52       1.1
   221/299     6.49G      2.16      3.36      1.31      6.83       242       416     0.394     0.399     0.356     0.388      2.11      2.52      1.09
   222/299     6.49G      2.16      3.36      1.32      6.84       163       416     0.393     0.399     0.356     0.388      2.11      2.52      1.09
   223/299     6.49G      2.16      3.37      1.31      6.84       177       416     0.394     0.399     0.357     0.388      2.11      2.52      1.09
   224/299     6.49G      2.15      3.36      1.31      6.82       184       416     0.395     0.399     0.357     0.389      2.11      2.52      1.09
   225/299     6.49G      2.15      3.35       1.3      6.81       202       416     0.393     0.399     0.357     0.388       2.1      2.52      1.09
   226/299     6.49G      2.15      3.36      1.31      6.82       187       416     0.393       0.4     0.357     0.389       2.1      2.52      1.09
   227/299     6.49G      2.15      3.35       1.3       6.8       178       416     0.394       0.4     0.358     0.389       2.1      2.52      1.09
   228/299     6.49G      2.15      3.34       1.3      6.79       180       416     0.392     0.401     0.358     0.389       2.1      2.52      1.09
   229/299     6.49G      2.15      3.35       1.3       6.8       228       416     0.393     0.401     0.359     0.389       2.1      2.52      1.09
   230/299     6.49G      2.14      3.35      1.29      6.78       151       416     0.392       0.4     0.358     0.389       2.1      2.52      1.09
   231/299     6.49G      2.14      3.35      1.29      6.78       173       416     0.393     0.401     0.359     0.389       2.1      2.52      1.09
   232/299     6.49G      2.14      3.35      1.29      6.78       215       416     0.393     0.401     0.358     0.389       2.1      2.52      1.09
   233/299     6.49G      2.14      3.34      1.29      6.77       131       416     0.395     0.402     0.359      0.39       2.1      2.52      1.09
   234/299     6.49G      2.13      3.34      1.28      6.76       177       416     0.395     0.402      0.36      0.39       2.1      2.52      1.09
   235/299     6.49G      2.13      3.34      1.28      6.75       201       416     0.394     0.402      0.36      0.39       2.1      2.52      1.08
   236/299     6.49G      2.13      3.33      1.28      6.74       157       416     0.394     0.402      0.36      0.39       2.1      2.52      1.08
   237/299     6.49G      2.13      3.34      1.27      6.74       202       416     0.393     0.402     0.361      0.39       2.1      2.52      1.08
   238/299     6.49G      2.13      3.34      1.28      6.74       177       416     0.393     0.403     0.361      0.39       2.1      2.52      1.08
   239/299     6.49G      2.12      3.33      1.27      6.73       142       416     0.394     0.403     0.361     0.391       2.1      2.52      1.08
   240/299     6.49G      2.12      3.33      1.27      6.72       145       416     0.395     0.404     0.362     0.392       2.1      2.52      1.08
   241/299     6.49G      2.12      3.33      1.27      6.72       150       416     0.393     0.404     0.361     0.391      2.09      2.52      1.08
   242/299     6.49G      2.12      3.33      1.27      6.72       168       416     0.392     0.403     0.362      0.39      2.09      2.52      1.08
   243/299     6.49G      2.12      3.33      1.26      6.71       147       416     0.394     0.404     0.362     0.391      2.09      2.52      1.08
   244/299     6.49G      2.11      3.32      1.26       6.7       197       416     0.392     0.404     0.362     0.391      2.09      2.52      1.08
   245/299     6.49G      2.11      3.32      1.26      6.69       131       416     0.393     0.405     0.362     0.391      2.09      2.51      1.07
   246/299     6.49G      2.11      3.33      1.25       6.7       184       416     0.392     0.405     0.362      0.39      2.09      2.51      1.07
   247/299     6.49G      2.11      3.33      1.25      6.69       248       416     0.391     0.405     0.363      0.39      2.09      2.51      1.07
   248/299     6.49G      2.11      3.32      1.25      6.68       133       416     0.392     0.406     0.363     0.391      2.09      2.51      1.07
   249/299     6.49G       2.1      3.33      1.25      6.68       174       416     0.392     0.407     0.363     0.392      2.09      2.51      1.07
   250/299     6.49G       2.1      3.32      1.24      6.67       185       416     0.392     0.406     0.363     0.391      2.09      2.51      1.07
   251/299     6.49G       2.1      3.32      1.24      6.66       135       416     0.391     0.407     0.363     0.392      2.09      2.51      1.07
   252/299     6.49G       2.1      3.31      1.24      6.65       159       416     0.392     0.408     0.364     0.393      2.09      2.51      1.07
   253/299     6.49G      2.09      3.31      1.24      6.64       118       416     0.392     0.408     0.364     0.392      2.09      2.51      1.07
   254/299     6.49G      2.09      3.31      1.24      6.64       132       416     0.393     0.408     0.364     0.393      2.09      2.51      1.07
   255/299     6.49G       2.1      3.32      1.23      6.65       164       416     0.393     0.408     0.365     0.393      2.09      2.51      1.07
   256/299     6.49G      2.09      3.31      1.23      6.62       233       416     0.394     0.409     0.365     0.394      2.09      2.51      1.07
   257/299     6.49G      2.09      3.31      1.23      6.63       187       416     0.394     0.408     0.365     0.394      2.09      2.51      1.07
   258/299     6.49G      2.09       3.3      1.23      6.62       163       416     0.394     0.408     0.366     0.394      2.09      2.51      1.07
   259/299     6.49G      2.08       3.3      1.23      6.61       203       416     0.394     0.409     0.366     0.394      2.08      2.51      1.07
   260/299     6.49G      2.08      3.31      1.22      6.62       196       416     0.394     0.409     0.366     0.394      2.08      2.51      1.07
   261/299     6.49G      2.08       3.3      1.22      6.61       190       416     0.393      0.41     0.366     0.394      2.08      2.51      1.07
   262/299     6.49G      2.08       3.3      1.21      6.59       109       416     0.393      0.41     0.366     0.395      2.08      2.51      1.07
   263/299     6.49G      2.08       3.3      1.22       6.6       155       416     0.393     0.411     0.367     0.395      2.08      2.51      1.07
   264/299     6.49G      2.08       3.3      1.21      6.59       181       416     0.394     0.411     0.367     0.395      2.08      2.51      1.07
   265/299     6.49G      2.07       3.3      1.22      6.59       168       416     0.392     0.411     0.367     0.394      2.08      2.51      1.07
   266/299     6.49G      2.07      3.29      1.21      6.57       256       416     0.393     0.412     0.367     0.395      2.08      2.51      1.06
   267/299     6.49G      2.07      3.29      1.21      6.57       137       416     0.393     0.411     0.367     0.395      2.08      2.51      1.06
   268/299     6.49G      2.07      3.29      1.21      6.57       194       416     0.394     0.412     0.367     0.396      2.08       2.5      1.06
   269/299     6.49G      2.07      3.29       1.2      6.56       164       416     0.394     0.412     0.367     0.396      2.08       2.5      1.06
   270/299     6.49G      2.07       3.3       1.2      6.56       165       416     0.394     0.413     0.368     0.396      2.08       2.5      1.06
   271/299     6.49G      2.06      3.29       1.2      6.55       140       416     0.394     0.413     0.367     0.396      2.08       2.5      1.06
   272/299     6.49G      2.06      3.28       1.2      6.54       159       416     0.394     0.414     0.368     0.397      2.08       2.5      1.06
   273/299     6.49G      2.06      3.29       1.2      6.55       245       416     0.395     0.412     0.368     0.396      2.08       2.5      1.06
   274/299     6.49G      2.06      3.28      1.19      6.54       181       416     0.395     0.413     0.368     0.396      2.08       2.5      1.06
   275/299     6.49G      2.06      3.29      1.19      6.54       277       416     0.393     0.412     0.368     0.395      2.08       2.5      1.06
   276/299     6.49G      2.06      3.27      1.19      6.52       164       416     0.394     0.412     0.369     0.396      2.08       2.5      1.06
   277/299     6.49G      2.06      3.28      1.19      6.53       161       416     0.393     0.413     0.368     0.396      2.08       2.5      1.06
   278/299     6.49G      2.05      3.28      1.19      6.52       213       416     0.394     0.412     0.368     0.396      2.08       2.5      1.06
   279/299     6.49G      2.05      3.27      1.18       6.5       168       416     0.394     0.413     0.369     0.396      2.08       2.5      1.06
   280/299     6.49G      2.05      3.27      1.19      6.51       203       416     0.395     0.414     0.369     0.398      2.08       2.5      1.06
   281/299     6.49G      2.05      3.27      1.18      6.51       176       416     0.395     0.415     0.369     0.398      2.08       2.5      1.06
   282/299     6.49G      2.05      3.27      1.18       6.5       213       416     0.396     0.417      0.37     0.399      2.07       2.5      1.06
   283/299     6.49G      2.05      3.26      1.18      6.49       183       416     0.396     0.417      0.37     0.399      2.07       2.5      1.06
   284/299     6.49G      2.05      3.27      1.18       6.5       192       416     0.395     0.416     0.371     0.399      2.07       2.5      1.06
   285/299     6.49G      2.05      3.28      1.18       6.5       223       416     0.396     0.417     0.371       0.4      2.07       2.5      1.06
   286/299     6.49G      2.05      3.27      1.17      6.49       147       416     0.396     0.417     0.371     0.399      2.07       2.5      1.06
   287/299     6.49G      2.04      3.28      1.17       6.5       163       416     0.396     0.417      0.37     0.399      2.07       2.5      1.06
   288/299     6.49G      2.04      3.27      1.17      6.48       130       416     0.395     0.416      0.37     0.398      2.07       2.5      1.05
   289/299     6.49G      2.04      3.27      1.17      6.49       167       416     0.395     0.416      0.37     0.398      2.07       2.5      1.05
   290/299     6.49G      2.04      3.26      1.17      6.48       174       416     0.395     0.416      0.37     0.399      2.07       2.5      1.05
   291/299     6.49G      2.04      3.27      1.17      6.49       106       416     0.395     0.417      0.37     0.399      2.07       2.5      1.05
   292/299     6.49G      2.04      3.27      1.17      6.48       204       416     0.396     0.417      0.37     0.399      2.07       2.5      1.05
   293/299     6.49G      2.04      3.27      1.17      6.48       129       416     0.396     0.417      0.37     0.399      2.07       2.5      1.05
   294/299     6.49G      2.04      3.27      1.17      6.48       159       416     0.395     0.416      0.37     0.398      2.07       2.5      1.05
   295/299     6.49G      2.04      3.27      1.17      6.48       103       416     0.394     0.417     0.371     0.398      2.07       2.5      1.05
   296/299     6.49G      2.04      3.27      1.17      6.47       187       416     0.392     0.417     0.371     0.397      2.07       2.5      1.05
   297/299     6.49G      2.04      3.26      1.17      6.46       141       416     0.393     0.417     0.372     0.398      2.07       2.5      1.05
   298/299     6.49G      2.04      3.27      1.16      6.47       163       416     0.392     0.417     0.371     0.397      2.07       2.5      1.05
